123.0
123.0
125.0
118.0
123.0
123.0
122.0
120.0
123.0
130.0
123.0
120.0
121.0
121.0
115.0
118.0
122.0
122.0
120.0
120.0
118.0
122.0
117.0
118.0
123.0
123.0
120.0
116.0
124.0
121.0
120.0
114.0
123.0
124.0
120.0
120.0
120.0
121.0
121.0
124.0
122.0
122.0
122.0
122.0
120.0
125.0
116.0
125.0
117.0
122.0
116.0
119.0
122.0
125.0
119.0
122.0
126.0
125.0
121.0
125.0
120.0
130.0
117.0
123.0
119.0
119.0
121.0
124.0
119.0
120.0
118.0
119.0
129.0
124.0
124.0
121.0
122.0
119.0
123.0
119.0
125.0
119.0
126.0
122.0
118.0
121.0
122.0
122.0
121.0
114.0
125.0
121.0
119.0
119.0
121.0
122.0
122.0
118.0
123.0
127.0
